/content/pix2code/1.jpg 56,23,254,111,1 278,26,488,111,1 515,26,725,111,1 742,26,959,116,1 979,24,1172,114,2 69,325,254,402,6 1259,327,1436,402,8 61,207,184,251,5 1252,201,1385,255,5 64,265,846,312,4 27,455,2373,575,9 3,6,2400,131,0 25,148,1186,441,3 1215,145,2376,445,3 1259,267,2083,314,4 
/content/pix2code/10.jpg 51,21,291,119,1 303,26,515,111,1 530,23,756,114,1 773,21,986,114,2 61,365,281,443,8 656,365,839,445,8 64,1016,269,1099,8 1254,1019,1478,1097,8 1251,365,1449,445,6 64,692,273,772,6 1839,365,2044,443,7 61,206,183,253,5 649,202,771,258,5 1244,209,1354,255,5 1837,204,1956,253,5 64,575,173,616,5 64,897,183,948,5 1256,897,1373,953,5 64,267,525,350,4 656,270,1117,350,4 1247,275,1708,348,4 1844,275,2317,353,4 61,636,812,680,4 64,962,866,1014,4 1261,970,2025,1006,4 49,1160,2378,1255,9 1,2,2400,130,0 27,145,598,484,3 620,143,1181,484,3 1210,145,1778,482,3 1800,148,2369,484,3 22,509,2378,816,3 22,841,1181,1136,3 1217,836,2373,1136,3 
/content/pix2code/11.jpg 1,2,2400,128,0 27,145,1176,443,3 1220,145,2373,441,3 30,470,593,841,3 617,467,1181,819,3 1208,475,1778,809,3 1800,475,2376,809,3 27,875,2378,1180,3 42,1192,2376,1299,9 56,202,164,253,5 1259,204,1391,250,5 59,531,183,575,5 654,538,751,580,5 1249,536,1373,577,5 1839,531,1964,582,5 61,938,176,989,5 51,21,273,111,1 286,23,512,111,1 759,26,978,111,1 525,26,747,114,2 66,323,269,404,7 64,733,259,806,7 1249,692,1471,770,7 1256,323,1476,404,6 656,689,873,772,8 1842,689,2051,772,8 66,1060,281,1138,8 59,267,783,311,4 1254,267,2069,319,4 59,594,412,723,4 656,597,1110,677,4 1247,599,1669,680,4 1839,597,2242,675,4 61,1002,908,1045,4 
/content/pix2code/12.jpg 51,26,271,116,1 517,26,715,111,1 730,26,949,114,1 966,26,1159,114,1 286,26,500,114,2 8,6,2400,126,0 66,365,251,445,6 1249,365,1449,443,6 656,365,864,445,7 1259,697,1469,770,7 61,1019,264,1099,7 1842,365,2056,443,8 64,692,278,770,8 61,202,183,253,5 651,204,781,258,5 1249,206,1366,260,5 1839,209,1961,255,5 51,567,208,619,5 1259,570,1342,621,5 51,894,195,950,5 64,265,539,345,4 649,272,1137,358,4 1251,267,1781,348,4 1837,270,2310,355,4 61,638,837,675,4 1256,641,2025,687,4 56,960,781,1011,4 25,143,595,482,3 612,143,1183,482,3 1208,145,1781,484,3 1803,148,2371,484,3 22,516,1186,809,3 1215,511,2364,804,3 22,841,2376,1131,3 30,1148,2373,1258,9 
/content/pix2code/13.jpg 10,6,2393,123,0 17,1155,2381,1282,9 54,23,273,114,1 288,23,493,116,2 66,326,264,402,8 654,692,851,772,8 64,692,266,770,6 1249,692,1451,770,6 1842,692,2051,770,7 64,1019,271,1099,7 1259,1019,1466,1099,7 25,143,2376,441,3 25,465,598,799,3 610,467,1183,806,3 1206,458,1781,802,3 1798,467,2376,806,3 20,838,1183,1131,3 1215,836,2371,1133,3 56,206,191,253,5 59,531,193,577,5 59,899,195,945,5 651,526,791,582,5 1247,531,1383,580,5 1837,531,1964,577,5 1254,902,1386,945,5 61,262,810,309,4 56,589,508,682,4 656,597,1161,680,4 1244,594,1651,680,4 1842,587,2305,680,4 56,962,859,1011,4 1247,960,1981,1009,4 
/content/pix2code/14.jpg 66,321,261,402,8 64,697,249,765,8 656,692,847,770,8 1251,692,1451,770,8 66,1019,273,1097,8 1259,1023,1469,1097,8 51,23,271,114,1 1844,692,2037,770,6 286,23,503,114,1 517,21,751,114,2 59,199,198,253,5 64,533,176,575,5 656,528,759,575,5 1249,531,1386,580,5 1839,531,1964,580,5 61,904,195,945,5 1254,894,1369,948,5 66,267,791,311,4 59,592,539,680,4 654,592,1086,680,4 1247,597,1661,680,4 1842,594,2300,682,4 59,967,834,1009,4 1256,960,2020,1009,4 5,4,2400,127,0 25,150,2373,443,3 27,470,595,809,3 617,465,1186,806,3 1210,470,1778,804,3 1800,470,2371,809,3 22,833,1183,1136,3 1217,836,2373,1133,3 27,1150,2383,1260,9 
/content/pix2code/15.jpg 56,23,269,114,1 286,23,498,116,1 515,23,742,114,2 64,367,271,441,8 66,692,273,770,8 656,367,871,443,7 1844,365,2044,443,7 66,1019,283,1094,7 1251,362,1466,443,6 1256,1019,1473,1099,6 12,9,2400,134,0 59,199,191,250,5 647,192,781,253,5 1247,204,1386,250,5 1842,202,1991,250,5 56,567,205,619,5 59,899,220,945,5 1256,899,1383,945,5 59,267,559,350,4 656,262,1112,343,4 1247,270,1747,343,4 1837,270,2310,348,4 64,633,825,692,4 59,965,876,1006,4 1251,958,2027,1009,4 25,141,593,477,3 615,145,1186,480,3 1210,145,1773,480,3 1803,145,2371,482,3 22,514,2366,806,3 30,838,1181,1126,3 1220,841,2369,1126,3 32,1155,2376,1258,9 
/content/pix2code/16.jpg 54,21,261,114,2 273,21,481,116,1 493,21,686,114,1 695,23,908,114,1 922,26,1125,111,1 66,404,251,482,6 656,360,866,443,7 1251,402,1437,482,7 1844,362,2051,443,6 59,199,200,253,5 649,202,766,253,5 1247,206,1366,255,5 1839,209,1951,253,5 64,270,554,387,4 651,265,1147,350,4 1247,270,1710,394,4 1837,270,2254,350,4 27,143,588,521,3 620,148,1186,480,3 1208,153,1783,523,3 1800,145,2369,475,3 3,4,2400,122,0 30,538,2378,665,9 
/content/pix2code/17.jpg 51,21,261,111,1 269,23,510,111,1 527,21,727,116,2 22,143,1181,436,3 1215,145,2373,436,3 20,470,2369,772,3 20,784,2376,889,9 49,197,171,253,5 1247,204,1388,250,5 51,528,171,580,5 59,265,803,314,4 1251,267,2015,316,4 61,592,869,641,4 64,326,264,399,7 1256,326,1456,399,8 64,653,269,726,8 8,6,2400,124,0 
/content/pix2code/18.jpg 54,26,261,111,1 276,26,503,114,1 520,23,734,111,2 1,6,2400,123,0 66,365,271,443,7 66,694,247,767,7 64,1021,259,1097,7 1256,694,1471,767,7 661,365,873,443,6 1249,365,1461,445,6 1839,365,2056,443,6 54,206,212,253,5 647,204,793,253,5 1244,202,1349,253,5 1839,206,1944,253,5 59,275,547,345,4 656,262,1059,358,4 1244,277,1732,358,4 1839,267,2327,345,4 59,636,849,682,4 1251,636,2042,680,4 61,962,781,1006,4 54,562,186,614,5 1249,562,1386,621,5 51,902,212,950,5 27,145,595,480,3 615,145,1186,472,3 1208,148,1783,470,3 1803,148,2373,484,3 22,511,1188,802,3 1220,516,2373,806,3 30,843,2376,1138,3 34,1160,2393,1280,9 
/content/pix2code/19.jpg 54,23,271,111,1 281,26,508,109,1 520,21,732,116,1 747,23,973,116,1 986,21,1188,116,2 61,365,247,443,8 64,772,273,850,8 1842,814,2054,892,8 656,365,873,445,6 1844,402,2042,480,6 1254,367,1481,443,8 659,772,873,848,7 1249,772,1442,848,7 5,4,2400,130,0 51,202,242,258,5 647,199,820,253,5 42,609,198,662,5 644,616,788,660,5 1244,202,1381,253,5 1244,614,1364,658,5 1832,202,1971,253,5 1839,606,1959,667,5 25,145,598,480,3 617,145,1191,480,3 1208,150,1773,477,3 1800,145,2378,523,3 25,555,598,889,3 615,550,1193,894,3 1208,553,1773,889,3 1803,550,2366,926,3 27,945,2371,1072,9 59,272,559,343,4 654,265,1108,358,4 1249,260,1756,348,4 1842,267,2344,394,4 56,675,551,758,4 651,675,1088,765,4 1247,684,1715,765,4 1839,677,2356,804,4 
/content/pix2code/2.jpg 56,26,261,116,1 505,23,722,114,1 737,23,951,114,1 969,26,1183,114,1 15,9,2400,123,0 25,143,2373,431,3 22,472,2369,767,3 22,794,1183,1087,3 1210,794,2373,1092,3 34,1111,2376,1219,9 44,194,193,255,5 59,521,186,584,5 56,860,186,914,5 59,265,820,314,4 64,599,851,643,4 49,919,827,977,4 1251,923,1983,970,4 1254,850,1386,906,5 1256,977,1473,1062,7 64,648,281,728,7 64,323,244,404,6 64,980,269,1060,6 276,23,486,111,2 
/content/pix2code/20.jpg 51,26,227,116,2 242,26,456,114,1 471,26,683,114,1 700,23,949,116,1 10,2,2400,127,0 30,145,1188,445,3 1217,143,2373,441,3 32,472,2376,770,3 20,799,588,1138,3 615,797,1188,1182,3 1212,799,1778,1128,3 1803,802,2366,1136,3 64,328,278,394,7 64,653,251,721,7 64,1019,303,1092,7 1256,326,1471,402,8 656,1062,849,1138,8 1251,1019,1430,1094,6 1842,1016,2042,1097,6 61,199,210,258,5 1249,206,1383,255,5 59,523,208,580,5 59,858,178,911,5 654,858,766,909,5 1247,850,1388,909,5 1834,858,1969,911,5 59,265,810,319,4 1256,270,2034,314,4 64,594,844,641,4 66,928,564,1011,4 651,936,1181,1045,4 1247,926,1751,1002,4 1837,926,2269,1004,4 37,1197,2400,1302,9 
/content/pix2code/21.jpg 56,26,273,111,2 286,23,510,111,1 8,16,2400,120,0 61,365,291,445,6 656,409,851,482,6 1251,406,1454,480,6 1839,365,2061,445,6 66,731,266,809,8 1254,1060,1459,1136,8 61,1062,276,1133,7 56,199,166,250,5 644,206,771,250,5 1247,202,1386,260,5 1842,202,1961,253,5 59,609,193,660,5 59,938,200,989,5 1254,943,1391,989,5 61,267,459,355,4 654,272,1069,392,4 1249,272,1739,392,4 1842,267,2337,348,4 61,677,759,726,4 64,999,864,1050,4 1254,1004,2047,1050,4 22,141,598,484,3 617,143,1188,521,3 1208,148,1781,516,3 1800,143,2369,482,3 27,555,2373,850,3 30,880,1173,1167,3 1215,877,2371,1172,3 32,1194,2373,1297,9 
/content/pix2code/22.jpg 56,23,276,116,1 293,23,510,114,1 525,21,744,116,2 25,143,2373,443,3 25,480,1178,762,3 1215,470,2373,772,3 25,797,598,1131,3 615,797,1191,1136,3 1208,797,1786,1136,3 1798,804,2371,1136,3 25,1155,2378,1272,9 61,206,191,258,5 61,528,169,580,5 56,855,183,911,5 651,858,791,909,5 1251,523,1373,580,5 1247,860,1395,909,5 1839,860,1966,914,5 10,14,2400,119,0 64,265,803,309,4 64,589,905,645,4 61,926,527,1006,4 656,926,1069,1002,4 1239,926,1744,1004,4 1842,923,2308,1011,4 1251,594,1978,645,4 64,323,244,399,7 64,650,266,731,7 1256,653,1434,728,7 66,1019,266,1097,6 656,1019,881,1094,6 1839,1019,2037,1097,6 1247,1019,1444,1097,8 
/content/pix2code/23.jpg 54,23,276,111,2 286,23,508,114,1 520,26,739,116,1 754,26,973,114,1 66,326,273,402,8 1259,323,1456,402,8 64,650,261,731,8 66,1019,251,1094,6 659,1021,856,1092,6 1254,1021,1437,1094,6 1842,1021,2030,1094,7 61,202,198,253,5 1256,204,1376,253,5 64,533,183,584,5 61,862,183,909,5 649,865,793,909,5 1247,867,1371,909,5 1839,860,1983,909,5 64,272,839,316,4 1254,258,2012,314,4 64,597,856,638,4 59,919,583,1011,4 656,928,1169,1026,4 1249,926,1671,1019,4 1839,916,2293,1014,4 3,9,2400,128,0 22,141,1181,438,3 1217,143,2373,438,3 27,470,2371,767,3 20,797,598,1133,3 612,794,1188,1138,3 1208,804,1781,1133,3 1798,799,2373,1133,3 42,1153,2383,1267,9 
/content/pix2code/24.jpg 56,31,261,109,1 278,26,508,111,2 522,23,742,114,1 754,23,956,114,1 971,23,1195,114,1 15,9,2400,128,0 56,194,171,258,5 61,526,208,582,5 1254,531,1386,582,5 59,860,200,911,5 642,853,766,914,5 1242,855,1361,911,5 1834,853,1934,911,5 69,331,264,402,7 69,650,278,731,7 1251,1021,1454,1094,7 64,1019,269,1092,8 1256,653,1454,723,8 1839,1021,2054,1097,8 656,1021,876,1089,6 64,270,827,316,4 66,594,842,638,4 61,928,476,1011,4 656,923,1117,1006,4 1247,926,1693,1009,4 1844,923,2332,1004,4 22,150,2373,436,3 25,475,1178,770,3 1217,472,2373,767,3 30,797,588,1128,3 617,797,1181,1133,3 1208,797,1783,1136,3 1800,804,2371,1136,3 32,1150,2376,1260,9 
/content/pix2code/25.jpg 54,26,261,109,1 520,28,700,111,1 278,23,503,106,2 66,326,256,399,8 64,650,271,728,7 64,984,269,1055,7 1259,982,1466,1053,7 1259,323,1471,402,6 59,209,208,250,5 64,526,220,580,5 56,848,225,904,5 1254,197,1410,248,5 1254,860,1415,914,5 59,270,832,319,4 1254,265,2027,316,4 59,589,810,645,4 59,919,883,975,4 1254,916,2047,972,4 22,145,1183,438,3 1217,143,2373,441,3 20,472,2371,767,3 25,797,1176,1087,3 1217,799,2376,1097,3 17,1106,2400,1229,9 12,9,2400,125,0 
/content/pix2code/26.jpg 54,23,259,114,1 273,26,488,111,1 503,23,730,111,2 5,6,2400,131,0 61,202,203,255,5 1254,199,1371,255,5 64,531,188,582,5 651,526,800,582,5 1249,528,1378,582,5 1837,536,1966,580,5 61,938,195,992,5 66,326,288,402,7 1256,326,1473,399,7 659,694,876,770,7 1249,731,1483,809,8 1844,692,2069,767,8 66,692,269,767,6 66,1060,259,1138,6 27,1194,2400,1301,9 22,148,1183,441,3 1215,150,2376,438,3 22,882,2373,1175,3 25,472,595,806,3 617,472,1188,804,3 1210,467,1781,853,3 1798,470,2373,809,3 61,265,891,316,4 1256,262,2015,321,4 61,594,491,672,4 656,597,1151,677,4 1247,599,1678,716,4 1842,597,2315,680,4 61,994,898,1058,4 
/content/pix2code/3.jpg 56,23,271,111,1 493,23,717,114,1 286,23,478,114,2 64,204,188,255,5 654,202,766,255,5 1244,204,1364,250,5 1830,202,1969,255,5 64,611,198,660,5 1259,609,1381,660,5 61,938,181,989,5 64,270,483,399,4 654,267,1130,348,4 1244,270,1651,355,4 1844,270,2288,350,4 59,675,776,721,4 1261,680,2027,723,4 61,1002,842,1048,4 69,406,291,484,7 64,733,239,806,7 1844,365,2044,443,7 656,362,886,445,8 1251,365,1473,443,8 64,1060,273,1136,8 1261,731,1451,809,6 12,9,2400,128,0 22,138,598,521,3 617,143,1191,482,3 1210,143,1781,480,3 1800,143,2373,484,3 22,550,1178,853,3 1217,553,2376,848,3 22,877,2373,1177,3 27,1192,2388,1314,9 
/content/pix2code/4.jpg 56,23,239,111,1 503,23,732,114,1 744,23,944,111,1 259,21,486,116,2 66,326,259,399,7 1249,692,1456,772,7 66,694,242,765,8 656,694,869,767,8 1842,692,2054,770,8 64,1023,251,1092,8 1256,1019,1466,1097,8 61,204,183,255,5 61,526,215,575,5 647,528,771,580,5 1247,531,1378,582,5 1839,531,1964,577,5 56,892,195,950,5 1256,899,1378,948,5 59,272,771,316,4 61,602,486,687,4 651,599,1132,677,4 1247,597,1730,680,4 1842,597,2234,680,4 64,962,805,1011,4 1256,967,2049,1009,4 8,6,2400,125,0 25,143,2373,441,3 22,465,595,811,3 615,470,1193,811,3 1212,472,1786,806,3 1803,472,2373,802,3 22,838,1176,1116,3 1210,838,2376,1128,3 30,1150,2373,1275,9 
/content/pix2code/5.jpg 54,26,269,116,2 281,21,491,116,1 64,204,178,258,5 61,528,188,577,5 654,536,783,580,5 1249,531,1376,577,5 1834,528,1983,580,5 54,897,195,953,5 1249,906,1359,945,5 64,270,820,311,4 61,602,571,680,4 654,599,1073,684,4 1244,597,1678,689,4 1839,597,2256,682,4 64,965,859,1016,4 1256,962,2042,1006,4 66,326,271,402,8 66,689,247,770,8 1847,692,2034,770,8 659,692,844,770,6 1254,694,1434,770,6 66,1019,293,1097,7 1261,1019,1447,1097,7 20,143,2371,436,3 27,843,1181,1128,3 1215,838,2373,1128,3 20,470,595,804,3 617,475,1191,799,3 1208,477,1778,809,3 1805,472,2369,799,3 5,9,2400,121,0 27,1153,2381,1260,9 
/content/pix2code/6.jpg 49,21,242,114,1 257,21,457,111,1 469,21,700,111,2 61,323,278,402,6 61,650,274,733,8 1257,650,1476,728,8 64,1019,266,1097,8 657,1021,883,1097,8 1249,1019,1471,1097,8 1844,1019,2037,1094,7 57,206,188,255,5 57,533,198,580,5 1252,526,1388,582,5 59,860,186,909,5 649,855,805,911,5 1247,855,1371,911,5 1839,862,1969,911,5 59,265,837,314,4 52,584,798,645,4 1247,592,2020,641,4 59,911,491,1014,4 652,919,1132,1011,4 1249,919,1749,1006,4 1837,923,2269,1004,4 10,9,2400,128,0 27,143,2366,438,3 27,470,1178,765,3 1213,472,2374,765,3 22,802,591,1133,3 618,804,1188,1138,3 1210,809,1774,1136,3 1803,802,2366,1133,3 27,1155,2354,1265,9 
/content/pix2code/7.jpg 54,26,247,106,1 269,26,461,109,1 478,28,700,111,2 8,9,2400,128,0 61,204,164,253,5 61,526,193,580,5 654,526,788,577,5 1244,526,1386,592,5 1839,524,1966,590,5 61,692,252,772,8 64,1060,222,1133,8 69,321,252,397,6 657,692,857,772,6 1842,731,2069,811,6 1259,1060,1471,1136,6 1244,692,1442,770,7 57,270,813,314,4 57,592,527,680,4 657,599,1139,680,4 1249,594,1744,675,4 1844,594,2325,719,4 57,994,827,1048,4 1254,1002,2010,1053,4 61,928,181,984,5 1249,928,1386,992,5 44,1194,2374,1321,9 27,143,2374,445,3 27,470,600,811,3 622,470,1178,806,3 1210,470,1781,809,3 1805,475,2374,853,3 32,877,1176,1182,3 1208,882,2364,1177,3 
/content/pix2code/8.jpg 57,21,244,111,1 266,23,478,114,1 493,26,691,116,1 696,23,900,111,2 64,362,269,448,8 659,365,869,438,8 1839,362,2047,445,8 64,694,288,775,6 61,1019,271,1099,7 1254,1016,1471,1102,7 52,275,493,363,4 654,267,1132,353,4 1244,265,1718,358,4 1842,272,2293,355,4 52,633,825,680,4 64,960,852,1011,4 1249,967,2064,1004,4 64,204,193,262,5 654,204,783,258,5 1235,197,1393,250,5 1839,204,1983,262,5 37,1145,2359,1260,9 5,4,2400,130,0 27,143,593,484,3 615,143,1188,480,3 1208,145,1783,482,3 1800,148,2381,484,3 20,511,2378,811,3 20,838,1186,1138,3 1215,843,2366,1131,3 54,562,183,619,5 54,899,200,943,5 1259,904,1369,948,5 1244,365,1457,441,7 
/content/pix2code/9.jpg 54,31,288,111,1 308,26,537,111,2 57,209,196,253,5 57,528,191,592,5 647,528,791,577,5 1244,536,1371,582,5 1842,533,1952,582,5 61,931,203,994,5 1252,941,1354,987,5 61,260,876,314,4 57,599,491,682,4 649,602,1135,716,4 1249,602,1674,682,4 1842,602,2296,682,4 61,1002,820,1045,4 1254,994,1991,1058,4 71,321,252,404,6 59,689,235,760,7 64,1060,293,1141,7 1257,1058,1449,1136,7 652,728,852,806,8 1247,694,1435,770,8 1844,694,2069,762,8 27,141,2378,436,3 25,472,596,814,3 618,467,1183,853,3 1213,470,1778,816,3 1805,472,2381,804,3 22,877,1183,1167,3 1213,880,2376,1182,3 37,1194,2383,1311,9 10,11,2400,119,0 
